# HVFrame-0(hatsv20) demand voltage set(DV) 
hatsv20:2005 S0 DV -1400.0 -1400.0 -1400.0 -1400.0 -1400.0 -1400.0 -1400.0 -1400.0 -1400.0 -1400.0 -1400.0 -1400.0 
hatsv20:2005 S1 DV -1400.0 -1400.0 -1400.0 -1400.0 -1400.0 -1400.0 -1400.0 -1400.0 -1400.0 0.0 0.0 0.0 
hatsv20:2005 S2 DV -1400.0 -1400.0 -1400.0 -1400.0 -1400.0 -1400.0 -1400.0 -1400.0 -1400.0 -1400.0 -1400.0 -1400.0 
hatsv20:2005 S3 DV -1400.0 -1400.0 -1400.0 -1400.0 -1400.0 -1400.0 -1400.0 -1400.0 -1400.0 -1400.0 -1400.0 -1400.0 
hatsv20:2005 S4 DV -1400.0 -1400.0 -1400.0 -1400.0 -1400.0 -1400.0 -1400.0 -1400.0 -1400.0 -1400.0 -1400.0 -1400.0 
hatsv20:2005 S5 DV -1400.0 -1400.0 -1400.0 -1400.0 -1400.0 -1400.0 -1400.0 -1400.0 -1400.0 0.0 0.0 0.0 
hatsv20:2005 S6 DV -1400.0 -1400.0 -1400.0 -1400.0 -1400.0 -1400.0 -1400.0 -1400.0 -1400.0 -1400.0 -1400.0 -1400.0 
hatsv20:2005 S7 DV -1400.0 -1400.0 -1400.0 -1400.0 -1400.0 -1400.0 -1400.0 -1400.0 -1400.0 -1400.0 -1400.0 -1400.0 
hatsv20:2005 S8 DV -1400.0 -1400.0 -1400.0 -1400.0 -1400.0 -1400.0 -1400.0 -1400.0 -1400.0 -1400.0 -1400.0 -1400.0 
hatsv20:2005 S9 DV -1400.0 -1400.0 -1400.0 -1400.0 -1400.0 -1400.0 -1400.0 -1400.0 -1400.0 0.0 0.0 0.0 
hatsv20:2005 S10 DV -1400.0 -1400.0 -1400.0 -1400.0 -1400.0 -1400.0 -1400.0 -1400.0 -1400.0 -1400.0 -1400.0 -1400.0 
hatsv20:2005 S11 DV -1400.0 -1400.0 -1400.0 -1400.0 -1400.0 -1400.0 -1400.0 -1400.0 -1400.0 -1400.0 -1400.0 -1400.0 
hatsv20:2005 S12 DV -1400.0 -1400.0 -1400.0 -1400.0 -1400.0 -1400.0 -1400.0 -1400.0 -1400.0 -1400.0 -1400.0 -1400.0 
hatsv20:2005 S13 DV -1400.0 -1400.0 -1400.0 -1400.0 -1400.0 -1400.0 -1400.0 -1400.0 -1400.0 0.0 0.0 0.0 
hatsv20:2005 S14 DV -1400.0 -1400.0 -1400.0 -1400.0 -1400.0 -1400.0 -1400.0 -1400.0 -1400.0 -1400.0 -1400.0 -1400.0 
hatsv20:2005 S15 DV -1400.0 -1400.0 -1400.0 -1400.0 -1400.0 -1400.0 -1400.0 -1400.0 -1400.0 -1400.0 -1400.0 -1400.0 
# HVFrame-0(hatsv20) demand voltage set(DV) 
hatsv20:2003 S0 DV -1450.0 -1525.0 -1575.0 -1525.0 -1500.0 -1575.0 -1600.0 -1575.0 -1600.0 -1500.0 -1500.0 -1500.0 
hatsv20:2003 S1 DV -1500.0 -1600.0 -1450.0 0.0 0.0 0.0 0.0 0.0 0.0 0.0 0.0 0.0 
hatsv20:2003 S2 DV 0.0 0.0 0.0 0.0 0.0 0.0 0.0 0.0 0.0 0.0 0.0 0.0 
hatsv20:2003 S3 DV 0.0 0.0 0.0 0.0 0.0 0.0 0.0 0.0 0.0 0.0 0.0 0.0 
hatsv20:2003 S4 DV 0.0 0.0 0.0 0.0 0.0 0.0 0.0 0.0 0.0 0.0 0.0 0.0 
hatsv20:2003 S5 DV 0.0 0.0 0.0 0.0 0.0 0.0 0.0 0.0 0.0 0.0 0.0 0.0 
hatsv20:2003 S6 DV 0.0 0.0 0.0 0.0 0.0 0.0 0.0 0.0 0.0 0.0 0.0 0.0 
hatsv20:2003 S7 DV 0.0 0.0 0.0 0.0 0.0 0.0 0.0 0.0 0.0 0.0 0.0 0.0 
hatsv20:2003 S8 DV 0.0 0.0 0.0 0.0 0.0 0.0 0.0 0.0 0.0 0.0 0.0 0.0 
hatsv20:2003 S9 DV 0.0 0.0 0.0 0.0 0.0 0.0 0.0 0.0 0.0 0.0 0.0 0.0 
hatsv20:2003 S10 DV 0.0 0.0 0.0 0.0 0.0 0.0 0.0 0.0 0.0 0.0 0.0 0.0 
hatsv20:2003 S11 DV 0.0 0.0 0.0 0.0 0.0 0.0 0.0 0.0 0.0 0.0 0.0 0.0 
hatsv20:2003 S12 DV 0.0 0.0 0.0 0.0 0.0 0.0 0.0 0.0 0.0 0.0 0.0 0.0 
hatsv20:2003 S13 DV 0.0 0.0 0.0 0.0 0.0 0.0 0.0 0.0 0.0 0.0 0.0 0.0 
hatsv20:2003 S14 DV 0.0 0.0 0.0 0.0 0.0 0.0 0.0 0.0 0.0 0.0 0.0 0.0 
hatsv20:2003 S15 DV 0.0 0.0 0.0 0.0 0.0 0.0 0.0 0.0 0.0 0.0 0.0 0.0 
# HVFrame-0(hatsv20) demand voltage set(DV) 
hatsv20:2002 S0 DV -1400.0 -1400.0 -1400.0 -1400.0 -1400.0 -1400.0 -1400.0 -1400.0 -1400.0 -1400.0 -1400.0 -1400.0 
hatsv20:2002 S1 DV -1400.0 -1400.0 -1400.0 -1400.0 -1400.0 -1400.0 -1400.0 -1400.0 -1400.0 -1.0 -1.0 -1.0 
hatsv20:2002 S2 DV -1400.0 -1400.0 -1400.0 -1400.0 -1400.0 -1400.0 -1400.0 -1400.0 -1400.0 -1400.0 -1400.0 -1400.0 
hatsv20:2002 S3 DV -1400.0 -1400.0 -1400.0 -1400.0 -1400.0 -1400.0 -1400.0 -1400.0 -1400.0 -1400.0 -1400.0 -1400.0 
hatsv20:2002 S4 DV -1400.0 -1400.0 -1400.0 -1400.0 -1400.0 -1400.0 -1400.0 -1400.0 -1400.0 -1400.0 -1400.0 -1400.0 
hatsv20:2002 S5 DV -1400.0 -1400.0 -1400.0 -1400.0 -1400.0 -1400.0 -1400.0 -1400.0 -1400.0 0.0 0.0 0.0 
hatsv20:2002 S6 DV -1400.0 -1400.0 -1400.0 -1400.0 -1400.0 -1400.0 -1400.0 -1400.0 -1400.0 -1400.0 -1400.0 -1400.0 
hatsv20:2002 S7 DV -1400.0 -1400.0 -1400.0 -1400.0 -1400.0 -1400.0 -1400.0 -1400.0 -1400.0 -1400.0 -1400.0 -1400.0 
hatsv20:2002 S8 DV -1400.0 -1400.0 -1400.0 -1400.0 -1400.0 -1400.0 -1400.0 -1400.0 -1400.0 -1400.0 -1400.0 -1400.0 
hatsv20:2002 S9 DV -1400.0 -1400.0 -1400.0 -1400.0 -1400.0 -1400.0 -1400.0 -1400.0 -1400.0 0.0 0.0 0.0 
hatsv20:2002 S10 DV -1400.0 -1400.0 -1400.0 -1400.0 -1400.0 -1400.0 -1400.0 -1400.0 -1400.0 -1400.0 -1400.0 -1400.0 
hatsv20:2002 S11 DV -1400.0 -1400.0 -1400.0 -1400.0 -1400.0 -1400.0 -1400.0 -1400.0 -1400.0 -1400.0 -1400.0 -1400.0 
hatsv20:2002 S12 DV -1400.0 -1400.0 -1400.0 -1400.0 -1400.0 -1400.0 -1400.0 -1400.0 -1400.0 -1400.0 -1400.0 -1400.0 
hatsv20:2002 S13 DV -1400.0 -1400.0 -1400.0 -1400.0 -1400.0 -1400.0 -1400.0 -1400.0 -1400.0 0.0 0.0 0.0 
hatsv20:2002 S14 DV -1400.0 -1400.0 -1400.0 -1400.0 -1400.0 -1400.0 -1400.0 -1400.0 -1400.0 -1400.0 -1400.0 -1400.0 
hatsv20:2002 S15 DV -1400.0 -1400.0 -1400.0 -1400.0 -1400.0 -1400.0 -1400.0 -1400.0 -1400.0 -1400.0 -1400.0 -1400.0 
